562446 276469 1016537 974027 55051 455052 440293 1031473 556521 129388 335230 277517 644322 385743 170946 563014 167466 673105 964819 742479
0.1 1990564
0.2 2659552
0.3 2665628
0.4 4310983
0.5 6418546
0.1 840571
0.2 3310425
0.3 2043350
0.4 3795634
0.5 4548264

589183 805905 786168 606907 204125 144434 320641 905201 896854 298179 840552 410723 574647 808512 336173 629697 214987 776466 612594 771507
0.1 1074645
0.2 2223320
0.3 3820155
0.4 5113193
0.5 5099633
0.1 910773
0.2 2551543
0.3 3501513
0.4 3444555
0.5 5809327

905853 947823 447 501599 284989 171393 16036 452454 844497 980854 146357 385104 738182 932524 992010 942306 28382 264075 798930 925235
0.1 963859
0.2 2582272
0.3 4288435
0.4 3761878
0.5 7076065
0.1 1083919
0.2 2281027
0.3 3002648
0.4 4134287
0.5 5116686

562253 590905 287381 88324 350841 623553 718020 565827 351442 282037 288758 208719 181283 289204 710317 466272 460596 726352 918725 256517
0.1 913695
0.2 1181918
0.3 2037816
0.4 4291993
0.5 4613357
0.1 872942
0.2 2183504
0.3 3063747
0.4 3494994
0.5 4564692

658629 16505 641620 348234 949029 585053 241964 977410 849127 1040893 854068 362804 583222 92872 451127 934062 716424 120570 451312 19290
0.1 1757317
0.2 2867755
0.3 3292078
0.4 4679133
0.5 5969035
0.1 1036180
0.2 2559466
0.3 2620293
0.4 3229015
0.5 5880330

402607 740069 228008 583889 1029273 938324 1584 441292 616099 920309 697808 226151 936813 290851 574384 837265 875904 816347 766098 676454
0.1 1705727
0.2 2824853
0.3 3308567
0.4 5056743
0.5 6205916
0.1 1166332
0.2 3359339
0.3 4563271
0.4 5142603
0.5 6693906

808664 571589 1039257 343309 664460 441807 228794 332308 562377 680105 351597 964983 371598 579604 500295 352294 469351 501879 793585 36873
0.1 1465278
0.2 1818413
0.3 2553553
0.4 4845969
0.5 4665376
0.1 1773647
0.2 1180565
0.3 3022660
0.4 4025735
0.5 5921128

373611 442817 263023 261847 733667 837406 50536 560994 605177 816633 188872 365264 339646 179552 708572 1004105 621359 937365 287836 135159
0.1 808081
0.2 1941008
0.3 2815523
0.4 3438243
0.5 4257716
0.1 450719
0.2 1781419
0.3 3658431
0.4 4549702
0.5 4177128

568893 639432 51565 940490 170459 551859 244207 639809 5161 1037792 676681 378771 432032 939703 640618 117122 728533 691153 678116 285133
0.1 529340
0.2 1365295
0.3 2954007
0.4 4305315
0.5 6142730
0.1 603424
0.2 1647795
0.3 2929841
0.4 4103940
0.5 5558169

459209 866987 650396 798854 1046538 310391 754383 619320 199179 1042218 754478 768071 633074 806042 659985 803532 309325 904191 394765 314485
0.1 1361023
0.2 2442141
0.3 4142677
0.4 5416909
0.5 5455990
0.1 1063708
0.2 2963757
0.3 3621392
0.4 5154916
0.5 6496698

893406 22869 693256 276861 962572 285297 393983 642528 976449 23522 927660 387081 890508 529479 137359 888469 839869 891741 459213 1039047
0.1 970117
0.2 1705108
0.3 3131924
0.4 4952635
0.5 5872609
0.1 665397
0.2 2282725
0.3 4740057
0.4 5631370
0.5 6885898

885382 165114 758541 469879 971156 369949 224835 231904 225564 619599 546388 70393 642467 191067 347254 556462 476363 741236 150413 404235
0.1 561016
0.2 2398336
0.3 2013337
0.4 3300868
0.5 5345107
0.1 781297
0.2 1420852
0.3 2401978
0.4 3200162
0.5 4769020

764757 29496 791316 606688 558974 928674 446580 350266 771838 905792 340736 608643 22330 50701 29946 993485 420649 254780 176812 646212
0.1 675429
0.2 1953426
0.3 2963111
0.4 4753857
0.5 4591839
0.1 1132052
0.2 2485974
0.3 3401593
0.4 3820480
0.5 4712624

874378 723199 716605 468268 914266 15282 1024730 342052 756517 126566 746287 472697 156062 489026 30808 715035 369123 477387 16725 92384
0.1 1771017
0.2 1874240
0.3 2994823
0.4 3574476
0.5 5284557
0.1 1747929
0.2 1922829
0.3 3303900
0.4 4137466
0.5 4932030

334603 357460 701026 356932 408160 730971 301840 828809 985750 478651 426444 811551 153273 94472 231243 18962 109753 207396 361014 866269
0.1 1797301
0.2 1672648
0.3 1773651
0.4 3376805
0.5 4292468
0.1 113434
0.2 2252414
0.3 3286348
0.4 2918533
0.5 4908575

333961 58724 290389 490022 547749 321196 156481 916871 798583 173205 1009254 84609 530664 661703 441540 938824 344098 743379 719056 281271
0.1 811218
0.2 2570573
0.3 3425990
0.4 3117436
0.5 3358974
0.1 615273
0.2 1071924
0.3 2373496
0.4 3896071
0.5 5045102

173453 96923 44246 326725 191395 275488 345687 301147 482883 706700 118840 816843 765423 409228 258289 264595 730424 414769 132889 480430
0.1 1005912
0.2 986743
0.3 1259579
0.4 3551208
0.5 3675998
0.1 448941
0.2 777135
0.3 2110002
0.4 2889573
0.5 3891388

587973 93566 565038 70060 755268 1006577 1008883 50789 701379 679362 332060 874831 776285 376305 152979 967679 651792 498665 220249 86098
0.1 1532717
0.2 1188785
0.3 1631667
0.4 3657242
0.5 5845766
0.1 737890
0.2 1566280
0.3 3576430
0.4 3519426
0.5 4390484

156788 339088 902940 922210 748316 112652 138228 430163 527420 271116 910592 66816 364681 427053 136876 71373 385053 97182 122161 37855
0.1 724141
0.2 1194163
0.3 2368304
0.4 2752182
0.5 3268069
0.1 552324
0.2 615522
0.3 2072309
0.4 1897118
0.5 4257764

776544 454220 912685 504252 830524 17087 423354 433739 515752 643602 519836 672539 982690 374200 546173 682429 486851 684400 64015 1014271
0.1 920373
0.2 2077626
0.3 3194668
0.4 5184176
0.5 6176910
0.1 1502526
0.2 1911770
0.3 3819060
0.4 5029140
0.5 5152527

955516 974606 32510 271620 353082 169385 342992 738134 266567 465153 775988 1043110 919372 640096 498785 701320 657182 922138 86482 124357
0.1 1004701
0.2 852941
0.3 4105757
0.4 3560426
0.5 5274102
0.1 993178
0.2 1845558
0.3 3932999
0.4 4202313
0.5 4284862

517163 606318 796896 451276 980517 294492 85128 418791 978891 149142 384485 885830 75171 416995 108874 428252 586379 451865 117809 852945
0.1 258016
0.2 2461496
0.3 3508445
0.4 4421543
0.5 4077867
0.1 1302825
0.2 763676
0.3 3349378
0.4 4050787
0.5 3971429

917017 893796 847478 787813 485315 297686 440556 93921 171247 527037 218277 688410 84778 1015172 91109 16718 261087 176237 435509 191402
0.1 933735
0.2 2097840
0.3 2102832
0.4 3469004
0.5 3073747
0.1 1802985
0.2 1502933
0.3 2376313
0.4 1930689
0.5 3219561

325378 819993 28655 400549 188411 137528 828800 774790 589393 946609 579158 457833 791828 378060 197069 228567 675745 637624 322487 846992
0.1 723036
0.2 1200189
0.3 3281587
0.4 4976925
0.5 4313061
0.1 597618
0.2 2900180
0.3 2993623
0.4 4131965
0.5 4171633

116085 540763 486825 200862 507359 577933 217580 768445 754169 653088 959846 30971 424504 988501 431519 612915 77452 211742 339128 666844
0.1 584811
0.2 1353952
0.3 2242878
0.4 3596377
0.5 4865139
0.1 1537779
0.2 1851493
0.3 2025733
0.4 3865381
0.5 5021900

109774 918285 76101 901602 247768 273169 81592 923513 910793 404078 721928 1026877 944840 160176 179162 403622 738108 396741 123491 443701
0.1 898284
0.2 2949046
0.3 2984307
0.4 4885514
0.5 5091379
0.1 407944
0.2 1494107
0.3 3537570
0.4 4312307
0.5 3449994

1252 34760 474671 425756 1023260 906189 1038670 52136 69354 329221 718979 179128 198929 795079 32153 446697 19672 113744 321633 930464
0.1 36012
0.2 1805382
0.3 2460509
0.4 2846236
0.5 3800186
0.1 1227822
0.2 560212
0.3 2753710
0.4 4031481
0.5 3823388

517821 1043560 908764 414084 155159 39349 817706 893266 436090 941196 288390 437341 975955 763060 863096 950639 620672 853189 1002774 690026
0.1 1378537
0.2 2105187
0.3 5018576
0.4 5937333
0.5 6987715
0.1 1978729
0.2 3750561
0.3 3502499
0.4 5609944
0.5 5925838

133833 673176 869153 332762 419679 901305 779458 439350 1015048 52514 321237 484292 47497 181424 898375 202655 220772 667504 47344 656861
0.1 1555236
0.2 1584719
0.3 2276791
0.4 2932636
0.5 5784986
0.1 1035138
0.2 1163443
0.3 2499795
0.4 3592692
0.5 5924374

560123 335734 45626 487502 50217 908721 389564 670889 713334 343761 312338 847166 1016936 132914 131351 388038 1034218 910808 827387 1000689
0.1 1158391
0.2 2916033
0.3 4160826
0.4 5019599
0.5 4849928
0.1 872461
0.2 1350412
0.3 4025927
0.4 3545356
0.5 4004404

963321 100047 436404 1010817 281470 286202 164895 502242 953706 212239 110526 465252 547972 156151 952753 598188 16296 293740 220500 729629
0.1 449891
0.2 957076
0.3 2371710
0.4 5150643
0.5 5085192
0.1 884390
0.2 875335
0.3 2448290
0.4 3686210
0.5 5356387

637500 532837 528218 605860 665750 659569 993897 651391 521800 772708 603503 436545 872754 1039906 398785 105648 277532 563680 607889 182661
0.1 1129689
0.2 2134334
0.3 3713929
0.4 5045526
0.5 5604806
0.1 619206
0.2 2314616
0.3 3734588
0.4 4661879
0.5 5469128

775918 718414 647912 275313 874565 552089 873500 890860 845828 45424 571912 434752 578260 51553 1040611 195434 711121 985931 846824 184345
0.1 1720324
0.2 997115
0.3 3565568
0.4 4486210
0.5 6191061
0.1 1538772
0.2 1937622
0.3 3488792
0.4 4939396
0.5 5526308

710062 401751 620889 534240 393080 1019673 639887 670611 534776 199199 853271 262117 917612 452607 537429 743600 1004695 362353 585883 801946
0.1 1472280
0.2 2059262
0.3 4483866
0.4 4720088
0.5 5827814
0.1 1105953
0.2 2481769
0.3 3675028
0.4 4983007
0.5 6720196

407776 109218 188121 986035 160771 180155 132892 871891 117510 979716 7659 827571 332890 628547 313234 725969 599644 953120 348004 85843
0.1 1552764
0.2 2803007
0.3 3315627
0.4 3343193
0.5 3912422
0.1 1387492
0.2 1750097
0.3 2632322
0.4 3306567
0.5 4152611

103742 152698 347960 1021354 605304 885388 716377 561422 199164 253684 314792 606939 362901 502912 544398 523671 683067 677289 346986 800576
0.1 1219289
0.2 1629661
0.3 2574353
0.4 2843018
0.5 4357076
0.1 860623
0.2 1794682
0.3 3173752
0.4 2792570
0.5 4992620

608428 354644 579570 941317 983191 892804 618710 534258 797347 966713 620100 901089 70834 968059 873866 676138 804871 541666 188983 1004034
0.1 1509517
0.2 3792310
0.3 3725876
0.4 5433790
0.5 7899498
0.1 1337835
0.2 1765468
0.3 3582492
0.4 5355863
0.5 7857307

795349 503774 562397 109674 1006686 58218 633344 641176 735506 980329 393175 295358 286397 972744 188098 221011 816971 806807 755268 565742
0.1 1538486
0.2 2230189
0.3 2121714
0.4 4360997
0.5 6110353
0.1 919741
0.2 1576924
0.3 3591148
0.4 4657660
0.5 6989634

724943 326791 418254 795777 246274 243543 423338 2568 785208 612320 1006601 531981 67518 520421 641654 25627 578638 226421 666802 265568
0.1 271901
0.2 1925451
0.3 1829805
0.4 3263008
0.5 4037911
0.1 1520720
0.2 2296244
0.3 3934131
0.4 3361990
0.5 5010117

158174 11400 560925 444570 984143 749022 665580 752538 507253 372271 269703 183619 699061 687956 979395 945334 931498 354156 947901 668129
0.1 1215037
0.2 2182717
0.3 3209626
0.4 5969339
0.5 6629627
0.1 744544
0.2 2053048
0.3 4080103
0.4 4617044
0.5 5890070

966476 905926 151533 1033993 377770 793186 11043 956408 1019607 677844 173399 129204 689243 734323 573773 624809 434768 190776 328770 942020
0.1 1002579
0.2 1532819
0.3 2637432
0.4 4290852
0.5 5496312
0.1 1581217
0.2 1961604
0.3 3550029
0.4 4461572
0.5 6279975

563046 598472 77063 213530 237851 7881 110288 120772 362037 9612 788901 279936 915537 940433 265352 244731 685043 276394 152562 656073
0.1 1341116
0.2 1091490
0.3 1991031
0.4 2933806
0.5 3707508
0.1 1068099
0.2 1649018
0.3 1479519
0.4 3054667
0.5 2825201

954237 325960 785276 594903 11706 310472 171135 446473 501247 499905 339917 15716 49800 416979 229245 287651 424859 339532 408422 786895
0.1 704630
0.2 985452
0.3 2346439
0.4 3520240
0.5 3535162
0.1 568777
0.2 1543931
0.3 2396257
0.4 3174300
0.5 4454082

349144 148746 18254 216104 40603 283605 460834 725645 559998 613395 333141 465658 939354 69840 11984 951059 380311 183119 348956 881557
0.1 195103
0.2 1939445
0.3 2094889
0.4 2467068
0.5 3834108
0.1 676938
0.2 837357
0.3 2372259
0.4 2989430
0.5 5189943

683023 688872 897272 732822 57274 77940 1020472 482132 417472 380318 220451 766615 529063 238704 982718 569665 522309 394976 246733 33730
0.1 775294
0.2 2689114
0.3 4196077
0.4 3450815
0.5 4226802
0.1 1363036
0.2 954567
0.3 3064847
0.4 3785249
0.5 4847204

1008370 579873 499388 899148 649712 511371 801630 1030022 694489 102009 863002 328935 790880 711697 13181 848153 789637 1033652 281709 158532
0.1 1193877
0.2 1418888
0.3 3555075
0.4 4748156
0.5 6324871
0.1 1057680
0.2 3399801
0.3 5108893
0.4 5245490
0.5 7073445

365393 502159 925146 894456 740862 859287 415544 214594 205686 662277 248324 165480 193573 747711 16051 843285 210505 817680 824730 904994
0.1 1505562
0.2 2832290
0.3 2834540
0.4 4451955
0.5 5431745
0.1 951367
0.2 3384993
0.3 2670500
0.4 3663646
0.5 4170914

919689 639156 185352 661992 302276 198532 461569 43336 183608 743277 201867 549000 196859 78436 394879 937720 937723 810423 103738 94832
0.1 1138156
0.2 1669100
0.3 2830776
0.4 3082940
0.5 3233756
0.1 734352
0.2 1343492
0.3 3187154
0.4 3406948
0.5 3772910

424123 352061 260311 617695 51195 276361 412403 261699 45465 188557 118116 965153 827712 303468 578568 81411 501999 1040136 124747 685606
0.1 470177
0.2 1964508
0.3 3757458
0.4 2463151
0.5 4533663
0.1 612372
0.2 1581321
0.3 3009973
0.4 2972164
0.5 5623660

734836 326613 186030 931694 405049 580908 820838 294195 342754 924575 389026 766876 228059 649337 335995 279253 925697 748397 540951 971161
0.1 1691451
0.2 1507875
0.3 2890105
0.4 4175137
0.5 6657962
0.1 1515273
0.2 2781270
0.3 2815031
0.4 5156181
0.5 6063043

